-4.0366 	 -0.0599 
-3.4894 	 -0.0526 
-3.2826 	 -0.0258 
-6.9404 	 -0.0201 
-7.3808 	 -0.0149 
-4.6004 	 -0.0105 
-16.3943 	 -0.0036 
-16.6166 	 -0.0035 
-13.7804 	 -0.0034 
-16.6867 	 -0.0033 
-19.5786 	 -0.0026 
-19.7277 	 -0.0025 
-17.0338 	 -0.0016 
-19.1180 	 -0.0014 
-12.6313 	 -0.0008 
-17.4537 	 0.0011 
-18.3000 	 0.0027 
-17.8606 	 0.0029 
-12.1372 	 0.0051 
-8.8678 	 0.0114 


-16.7502 	 -0.0031 
-16.8043 	 -0.0029 
-19.6204 	 -0.0026 
-19.5786 	 -0.0026 
-19.5281 	 -0.0026 
-19.7277 	 -0.0025 
-16.0307 	 -0.0023 
-17.0338 	 -0.0016 
-3.1490 	 -0.0015 
-19.1180 	 -0.0014 
-12.6313 	 -0.0008 
-17.4186 	 0.0009 
-17.4537 	 0.0011 
-12.4616 	 0.0013 
-11.1284 	 0.0021 
-18.3000 	 0.0027 
-18.2696 	 0.0027 
-17.8606 	 0.0029 
-12.1372 	 0.0051 
-8.8678 	 0.0114 


-17.0338 	 -0.0016 
-3.1490 	 -0.0015 
-19.1180 	 -0.0014 
-12.6313 	 -0.0008 
-18.8050 	 0.0003 
-17.3180 	 0.0003 
-18.7993 	 0.0003 
-17.4186 	 0.0009 
-17.4207 	 0.0009 
-17.4459 	 0.0011 
-17.4516 	 0.0011 
-17.4537 	 0.0011 
-12.4616 	 0.0013 
-11.1284 	 0.0021 
-18.3000 	 0.0027 
-18.2696 	 0.0027 
-17.8606 	 0.0029 
-12.1372 	 0.0051 
-11.9319 	 0.0067 
-8.8678 	 0.0114 


-18.7993 	 0.0003 
-17.4186 	 0.0009 
-17.4207 	 0.0009 
-17.4212 	 0.0009 
-17.4459 	 0.0011 
-17.4516 	 0.0011 
-17.4537 	 0.0011 
-12.4616 	 0.0013 
-11.1284 	 0.0021 
-11.1289 	 0.0021 
-18.3000 	 0.0027 
-18.2696 	 0.0027 
-17.8606 	 0.0029 
-12.1372 	 0.0051 
-11.9376 	 0.0067 
-11.9319 	 0.0067 
-11.9319 	 0.0067 
-8.9957 	 0.0094 
-8.9250 	 0.0106 
-8.8678 	 0.0114 


-12.4616 	 0.0013 
-11.1222 	 0.0020 
-11.1284 	 0.0021 
-11.1289 	 0.0021 
-11.1289 	 0.0021 
-11.1289 	 0.0021 
-18.3000 	 0.0027 
-18.2696 	 0.0027 
-17.8606 	 0.0029 
-12.1372 	 0.0051 
-11.9376 	 0.0067 
-11.9319 	 0.0067 
-11.9319 	 0.0067 
-11.9319 	 0.0067 
-11.9319 	 0.0067 
-11.9319 	 0.0067 
-11.9299 	 0.0067 
-8.9957 	 0.0094 
-8.9250 	 0.0106 
-8.8678 	 0.0114 


-11.1289 	 0.0021 
-11.1289 	 0.0021 
-11.1289 	 0.0021 
-18.3000 	 0.0027 
-18.2696 	 0.0027 
-17.8606 	 0.0029 
-14.5551 	 0.0035 
-14.6773 	 0.0041 
-12.1372 	 0.0051 
-11.9376 	 0.0067 
-11.9319 	 0.0067 
-11.9319 	 0.0067 
-11.9319 	 0.0067 
-11.9319 	 0.0067 
-11.9319 	 0.0067 
-11.9299 	 0.0067 
-9.1272 	 0.0067 
-8.9957 	 0.0094 
-8.9250 	 0.0106 
-8.8678 	 0.0114 


-17.8606 	 0.0029 
-14.5386 	 0.0034 
-14.5448 	 0.0034 
-14.5551 	 0.0035 
-14.5618 	 0.0035 
-11.2609 	 0.0040 
-11.2609 	 0.0040 
-14.6773 	 0.0041 
-12.1372 	 0.0051 
-11.9376 	 0.0067 
-11.9319 	 0.0067 
-11.9319 	 0.0067 
-11.9319 	 0.0067 
-11.9319 	 0.0067 
-11.9319 	 0.0067 
-11.9299 	 0.0067 
-9.1272 	 0.0067 
-8.9957 	 0.0094 
-8.9250 	 0.0106 
-8.8678 	 0.0114 


-14.5448 	 0.0034 
-14.5551 	 0.0035 
-14.5618 	 0.0035 
-11.2609 	 0.0040 
-11.2609 	 0.0040 
-14.6773 	 0.0041 
-14.6938 	 0.0042 
-12.1372 	 0.0051 
-11.5250 	 0.0066 
-11.9376 	 0.0067 
-11.9319 	 0.0067 
-11.9319 	 0.0067 
-11.9319 	 0.0067 
-11.9319 	 0.0067 
-11.9319 	 0.0067 
-11.9299 	 0.0067 
-9.1272 	 0.0067 
-8.9957 	 0.0094 
-8.9250 	 0.0106 
-8.8678 	 0.0114 


-14.6938 	 0.0042 
-12.1372 	 0.0051 
-11.5245 	 0.0066 
-11.5250 	 0.0066 
-11.5250 	 0.0066 
-11.5250 	 0.0066 
-11.5250 	 0.0066 
-11.5250 	 0.0066 
-11.9376 	 0.0067 
-11.9319 	 0.0067 
-11.9319 	 0.0067 
-11.9319 	 0.0067 
-11.9319 	 0.0067 
-11.9319 	 0.0067 
-11.9299 	 0.0067 
-9.1272 	 0.0067 
-8.9957 	 0.0094 
-8.9250 	 0.0106 
-8.8678 	 0.0114 
-4.9232 	 0.0169 


-11.3759 	 0.0053 
-11.3759 	 0.0053 
-11.5245 	 0.0066 
-11.5250 	 0.0066 
-11.5250 	 0.0066 
-11.5250 	 0.0066 
-11.5250 	 0.0066 
-11.5250 	 0.0066 
-11.9376 	 0.0067 
-11.9319 	 0.0067 
-11.9319 	 0.0067 
-11.9319 	 0.0067 
-11.9319 	 0.0067 
-11.9319 	 0.0067 
-11.9299 	 0.0067 
-9.1272 	 0.0067 
-8.9957 	 0.0094 
-8.9250 	 0.0106 
-8.8678 	 0.0114 
-4.9232 	 0.0169 


-11.5250 	 0.0066 
-11.5250 	 0.0066 
-11.5250 	 0.0066 
-11.5250 	 0.0066 
-11.5250 	 0.0066 
-8.0756 	 0.0066 
-8.0756 	 0.0066 
-11.9376 	 0.0067 
-11.9319 	 0.0067 
-11.9319 	 0.0067 
-11.9319 	 0.0067 
-11.9319 	 0.0067 
-11.9319 	 0.0067 
-11.9299 	 0.0067 
-9.1272 	 0.0067 
-8.1127 	 0.0075 
-8.9957 	 0.0094 
-8.9250 	 0.0106 
-8.8678 	 0.0114 
-4.9232 	 0.0169 


-11.5250 	 0.0066 
-11.5250 	 0.0066 
-8.0756 	 0.0066 
-8.0756 	 0.0066 
-8.0756 	 0.0066 
-8.0756 	 0.0066 
-11.9376 	 0.0067 
-11.9319 	 0.0067 
-11.9319 	 0.0067 
-11.9319 	 0.0067 
-11.9319 	 0.0067 
-11.9319 	 0.0067 
-11.9299 	 0.0067 
-9.1272 	 0.0067 
-8.1122 	 0.0075 
-8.1127 	 0.0075 
-8.9957 	 0.0094 
-8.9250 	 0.0106 
-8.8678 	 0.0114 
-4.9232 	 0.0169 


-8.0756 	 0.0066 
-8.0756 	 0.0066 
-8.0756 	 0.0066 
-8.0756 	 0.0066 
-8.0756 	 0.0066 
-8.0756 	 0.0066 
-11.9376 	 0.0067 
-11.9319 	 0.0067 
-11.9319 	 0.0067 
-11.9319 	 0.0067 
-11.9319 	 0.0067 
-11.9319 	 0.0067 
-11.9299 	 0.0067 
-9.1272 	 0.0067 
-8.1122 	 0.0075 
-8.1127 	 0.0075 
-8.9957 	 0.0094 
-8.9250 	 0.0106 
-8.8678 	 0.0114 
-4.9232 	 0.0169 


-8.0756 	 0.0066 
-8.0756 	 0.0066 
-8.0756 	 0.0066 
-8.0756 	 0.0066 
-8.0756 	 0.0066 
-8.0756 	 0.0066 
-11.9376 	 0.0067 
-11.9319 	 0.0067 
-11.9319 	 0.0067 
-11.9319 	 0.0067 
-11.9319 	 0.0067 
-11.9319 	 0.0067 
-11.9299 	 0.0067 
-9.1272 	 0.0067 
-8.1122 	 0.0075 
-8.1127 	 0.0075 
-8.9957 	 0.0094 
-8.9250 	 0.0106 
-8.8678 	 0.0114 
-4.9232 	 0.0169 


-8.0756 	 0.0066 
-8.0756 	 0.0066 
-8.0756 	 0.0066 
-8.0756 	 0.0066 
-8.0756 	 0.0066 
-8.0756 	 0.0066 
-11.9376 	 0.0067 
-11.9319 	 0.0067 
-11.9319 	 0.0067 
-11.9319 	 0.0067 
-11.9319 	 0.0067 
-11.9319 	 0.0067 
-11.9299 	 0.0067 
-9.1272 	 0.0067 
-8.1122 	 0.0075 
-8.1127 	 0.0075 
-8.9957 	 0.0094 
-8.9250 	 0.0106 
-8.8678 	 0.0114 
-4.9232 	 0.0169 


-8.0756 	 0.0066 
-8.0756 	 0.0066 
-8.0756 	 0.0066 
-8.0756 	 0.0066 
-8.0756 	 0.0066 
-8.0756 	 0.0066 
-11.9376 	 0.0067 
-11.9319 	 0.0067 
-11.9319 	 0.0067 
-11.9319 	 0.0067 
-11.9319 	 0.0067 
-11.9319 	 0.0067 
-11.9299 	 0.0067 
-9.1272 	 0.0067 
-8.1122 	 0.0075 
-8.1127 	 0.0075 
-8.9957 	 0.0094 
-8.9250 	 0.0106 
-8.8678 	 0.0114 
-4.9232 	 0.0169 


-8.0756 	 0.0066 
-8.0756 	 0.0066 
-8.0756 	 0.0066 
-11.9376 	 0.0067 
-11.9319 	 0.0067 
-11.9319 	 0.0067 
-11.9319 	 0.0067 
-11.9319 	 0.0067 
-11.9319 	 0.0067 
-11.9299 	 0.0067 
-9.1272 	 0.0067 
-8.1122 	 0.0075 
-8.1127 	 0.0075 
-8.1859 	 0.0092 
-8.1859 	 0.0092 
-8.1859 	 0.0092 
-8.9957 	 0.0094 
-8.9250 	 0.0106 
-8.8678 	 0.0114 
-4.9232 	 0.0169 


-8.0756 	 0.0066 
-8.0756 	 0.0066 
-11.9376 	 0.0067 
-11.9319 	 0.0067 
-11.9319 	 0.0067 
-11.9319 	 0.0067 
-11.9319 	 0.0067 
-11.9319 	 0.0067 
-11.9299 	 0.0067 
-9.1272 	 0.0067 
-8.1122 	 0.0075 
-8.1127 	 0.0075 
-8.1859 	 0.0092 
-8.1859 	 0.0092 
-8.1859 	 0.0092 
-8.9957 	 0.0094 
-8.9250 	 0.0106 
-8.8678 	 0.0114 
-8.3726 	 0.0123 
-4.9232 	 0.0169 


-11.9319 	 0.0067 
-11.9319 	 0.0067 
-11.9319 	 0.0067 
-11.9319 	 0.0067 
-11.9299 	 0.0067 
-9.1272 	 0.0067 
-8.1086 	 0.0074 
-8.1122 	 0.0075 
-8.1127 	 0.0075 
-8.1859 	 0.0092 
-8.1859 	 0.0092 
-8.1859 	 0.0092 
-8.1865 	 0.0092 
-8.9957 	 0.0094 
-8.2066 	 0.0096 
-8.2195 	 0.0099 
-8.9250 	 0.0106 
-8.8678 	 0.0114 
-8.3726 	 0.0123 
-4.9232 	 0.0169 


-11.9319 	 0.0067 
-11.9319 	 0.0067 
-11.9299 	 0.0067 
-9.1272 	 0.0067 
-8.1086 	 0.0074 
-8.1122 	 0.0075 
-8.1127 	 0.0075 
-8.1859 	 0.0092 
-8.1859 	 0.0092 
-8.1859 	 0.0092 
-8.1865 	 0.0092 
-8.9957 	 0.0094 
-8.2066 	 0.0096 
-8.2195 	 0.0099 
-8.9250 	 0.0106 
-8.8678 	 0.0114 
-8.3386 	 0.0119 
-8.3391 	 0.0119 
-8.3726 	 0.0123 
-4.9232 	 0.0169 


-11.9319 	 0.0067 
-11.9319 	 0.0067 
-11.9299 	 0.0067 
-9.1272 	 0.0067 
-8.1086 	 0.0074 
-8.1122 	 0.0075 
-8.1127 	 0.0075 
-8.1859 	 0.0092 
-8.1859 	 0.0092 
-8.1859 	 0.0092 
-8.1865 	 0.0092 
-8.9957 	 0.0094 
-8.2066 	 0.0096 
-8.2195 	 0.0099 
-8.9250 	 0.0106 
-8.8678 	 0.0114 
-8.3386 	 0.0119 
-8.3391 	 0.0119 
-8.3726 	 0.0123 
-4.9232 	 0.0169 


-11.9319 	 0.0067 
-11.9319 	 0.0067 
-11.9299 	 0.0067 
-9.1272 	 0.0067 
-8.1086 	 0.0074 
-8.1122 	 0.0075 
-8.1127 	 0.0075 
-8.1859 	 0.0092 
-8.1859 	 0.0092 
-8.1859 	 0.0092 
-8.1865 	 0.0092 
-8.9957 	 0.0094 
-8.2066 	 0.0096 
-8.2195 	 0.0099 
-8.9250 	 0.0106 
-8.8678 	 0.0114 
-8.3386 	 0.0119 
-8.3391 	 0.0119 
-8.3726 	 0.0123 
-4.9232 	 0.0169 


-11.9299 	 0.0067 
-9.1272 	 0.0067 
-8.1086 	 0.0074 
-8.1122 	 0.0075 
-8.1127 	 0.0075 
-8.1859 	 0.0092 
-8.1859 	 0.0092 
-8.1859 	 0.0092 
-8.1865 	 0.0092 
-8.9957 	 0.0094 
-8.2066 	 0.0096 
-8.2195 	 0.0099 
-8.9250 	 0.0106 
-8.8678 	 0.0114 
-8.3386 	 0.0119 
-8.3391 	 0.0119 
-8.3680 	 0.0122 
-8.3726 	 0.0123 
-8.3726 	 0.0123 
-4.9232 	 0.0169 


-11.9299 	 0.0067 
-9.1272 	 0.0067 
-8.1086 	 0.0074 
-8.1122 	 0.0075 
-8.1127 	 0.0075 
-8.1859 	 0.0092 
-8.1859 	 0.0092 
-8.1859 	 0.0092 
-8.1865 	 0.0092 
-8.9957 	 0.0094 
-8.2066 	 0.0096 
-8.2195 	 0.0099 
-8.9250 	 0.0106 
-8.8678 	 0.0114 
-8.3386 	 0.0119 
-8.3391 	 0.0119 
-8.3680 	 0.0122 
-8.3726 	 0.0123 
-8.3726 	 0.0123 
-4.9232 	 0.0169 


-9.1272 	 0.0067 
-8.1086 	 0.0074 
-8.1122 	 0.0075 
-8.1127 	 0.0075 
-8.1859 	 0.0092 
-8.1859 	 0.0092 
-8.1859 	 0.0092 
-8.1865 	 0.0092 
-8.9957 	 0.0094 
-8.2066 	 0.0096 
-8.2195 	 0.0099 
-8.2200 	 0.0099 
-8.9250 	 0.0106 
-8.8678 	 0.0114 
-8.3386 	 0.0119 
-8.3391 	 0.0119 
-8.3680 	 0.0122 
-8.3726 	 0.0123 
-8.3726 	 0.0123 
-4.9232 	 0.0169 


-9.0122 	 0.0090 
-8.1859 	 0.0092 
-8.1859 	 0.0092 
-8.1859 	 0.0092 
-8.1865 	 0.0092 
-8.9998 	 0.0093 
-8.9957 	 0.0094 
-8.2066 	 0.0096 
-8.2195 	 0.0099 
-8.2200 	 0.0099 
-8.2200 	 0.0099 
-8.2200 	 0.0099 
-8.9250 	 0.0106 
-8.8678 	 0.0114 
-8.3386 	 0.0119 
-8.3391 	 0.0119 
-8.3680 	 0.0122 
-8.3726 	 0.0123 
-8.3726 	 0.0123 
-4.9232 	 0.0169 


-9.0122 	 0.0090 
-8.1859 	 0.0092 
-8.1859 	 0.0092 
-8.1859 	 0.0092 
-8.1865 	 0.0092 
-8.9998 	 0.0093 
-8.9957 	 0.0094 
-8.2066 	 0.0096 
-8.2195 	 0.0099 
-8.2200 	 0.0099 
-8.2200 	 0.0099 
-8.2200 	 0.0099 
-8.9250 	 0.0106 
-8.8678 	 0.0114 
-8.3386 	 0.0119 
-8.3391 	 0.0119 
-8.3680 	 0.0122 
-8.3726 	 0.0123 
-8.3726 	 0.0123 
-4.9232 	 0.0169 


-9.0122 	 0.0090 
-8.1859 	 0.0092 
-8.1859 	 0.0092 
-8.1859 	 0.0092 
-8.1865 	 0.0092 
-8.9998 	 0.0093 
-8.9957 	 0.0094 
-8.2066 	 0.0096 
-8.2195 	 0.0099 
-8.2200 	 0.0099 
-8.2200 	 0.0099 
-8.2200 	 0.0099 
-8.9250 	 0.0106 
-8.8678 	 0.0114 
-8.3386 	 0.0119 
-8.3391 	 0.0119 
-8.3680 	 0.0122 
-8.3726 	 0.0123 
-8.3726 	 0.0123 
-4.9232 	 0.0169 


-8.1859 	 0.0092 
-8.1859 	 0.0092 
-8.1865 	 0.0092 
-8.9998 	 0.0093 
-8.9957 	 0.0094 
-8.2066 	 0.0096 
-8.9781 	 0.0097 
-8.9776 	 0.0097 
-8.2195 	 0.0099 
-8.2200 	 0.0099 
-8.2200 	 0.0099 
-8.2200 	 0.0099 
-8.9250 	 0.0106 
-8.8678 	 0.0114 
-8.3386 	 0.0119 
-8.3391 	 0.0119 
-8.3680 	 0.0122 
-8.3726 	 0.0123 
-8.3726 	 0.0123 
-4.9232 	 0.0169 


-8.1859 	 0.0092 
-8.1859 	 0.0092 
-8.1865 	 0.0092 
-8.9998 	 0.0093 
-8.9957 	 0.0094 
-8.2066 	 0.0096 
-8.9781 	 0.0097 
-8.9776 	 0.0097 
-8.2195 	 0.0099 
-8.2200 	 0.0099 
-8.2200 	 0.0099 
-8.2200 	 0.0099 
-8.9250 	 0.0106 
-8.8678 	 0.0114 
-8.3386 	 0.0119 
-8.3391 	 0.0119 
-8.3680 	 0.0122 
-8.3726 	 0.0123 
-8.3726 	 0.0123 
-4.9232 	 0.0169 


