19804.592069864953
19595.299066274496
18919.801161260733
18119.33386947742
18119.33386947742
18119.33386947742
17192.056306185503
17192.056306185503
16349.441042982839
16349.441042982839
16349.441042982839
16343.798681822971
16343.798681822971
16343.798681822971
16343.798681822971
15970.989590443027
15689.696999403588
15308.23016965091
15308.23016965091
15308.23016965091
14614.439158398622
14614.439158398622
14028.566150273497
14028.566150273497
14028.566150273497
14028.566150273497
14028.566150273497
14028.566150273497
13835.210327643308
13835.210327643308
13703.32463762047
13703.32463762047
13703.32463762047
13681.745341442564
13681.745341442564
13681.745341442564
13644.907021224999
13644.907021224999
13475.355970941644
13475.355970941644
13475.355970941644
12999.722123127565
12853.670677852877
12794.86067433224
12794.86067433224
12677.854800443067
12677.854800443067
12350.772129518735
12350.772129518735
11079.45536564655
11079.45536564655
11079.45536564655
11079.45536564655
11079.45536564655
11079.45536564655
11079.45536564655
10665.834075281888
10665.834075281888
10665.834075281888
10665.834075281888
10665.834075281888
10653.315036997328
10609.405587870653
10490.75856767602
10490.75856767602
10488.667094418654
10392.486357280766
10238.356014536626
10232.96745590135
10205.024808416638
10180.509329315662
10180.509329315662
10127.564765856814
10127.564765856814
9994.165464732192
9994.165464732192
9901.027506474984
9901.027506474984
9901.027506474984
9901.027506474984
9901.027506474984
9901.027506474984
9901.027506474984
9901.027506474984
9901.027506474984
9901.027506474984
9901.027506474984
9901.027506474984
9901.027506474984
9901.027506474984
9901.027506474984
9901.027506474984
9901.027506474984
9901.027506474984
9901.027506474984
9901.027506474984
9901.027506474984
9901.027506474984
9901.027506474984
9901.027506474984
9901.027506474984
9901.027506474984
9901.027506474984
9901.027506474984
9901.027506474984
9901.027506474984
9901.027506474984
9901.027506474984
9901.027506474984
9901.027506474984
9901.027506474984
9901.027506474984
9901.027506474984
9901.027506474984
9901.027506474984
9901.027506474984
9901.027506474984
9901.027506474984
9901.027506474984
9901.027506474984
9901.027506474984
9901.027506474984
9901.027506474984
9901.027506474984
9901.027506474984
9901.027506474984
9901.027506474984
9901.027506474984
9901.027506474984
9901.027506474984
9901.027506474984
9901.027506474984
9901.027506474984
9901.027506474984
9901.027506474984
9901.027506474984
9901.027506474984
9901.027506474984
9901.027506474984
9901.027506474984
9901.027506474984
9901.027506474984
9901.027506474984
9901.027506474984
9901.027506474984
9901.027506474984
9901.027506474984
9901.027506474984
9901.027506474984
9901.027506474984
9901.027506474984
9901.027506474984
9901.027506474984
9901.027506474984
9901.027506474984
9901.027506474984
9901.027506474984
9901.027506474984
9901.027506474984
9901.027506474984
9901.027506474984
9901.027506474984
9901.027506474984
9901.027506474984
9901.027506474984
9901.027506474984
9901.027506474984
9901.027506474984
9901.027506474984
9901.027506474984
9901.027506474984
9901.027506474984
9901.027506474984
9901.027506474984
9901.027506474984
9901.027506474984
9901.027506474984
9901.027506474984
9901.027506474984
9901.027506474984
