21283.527489324573
21283.527489324573
19302.235525927183
18712.330791058957
18712.330791058957
18712.330791058957
18988.930808399597
18965.772883187703
18965.772883187703
17281.976177737597
17281.976177737597
17156.003468306557
17156.003468306557
17156.003468306557
17156.003468306557
16927.065204466766
16879.609030236912
16879.609030236912
16698.052269724005
16503.076030073295
16698.052269724005
15757.034855986654
14603.60900399934
14603.60900399934
13992.562499279087
12732.776627937794
12093.54665017629
11801.826161036422
11801.826161036422
11729.859252577517
10039.875959806657
10039.875959806657
10039.875959806657
9657.369324495176
9657.369324495176
9657.369324495176
9657.369324495176
9657.24347264911
9657.24347264911
9657.24347264911
9189.176682443132
9189.176682443132
9189.176682443132
9189.176682443132
9189.176682443132
9189.176682443132
9108.772541377553
9108.772541377553
9108.772541377553
9108.772541377553
9108.772541377553
9074.14804787284
9074.14804787284
9074.14804787284
9074.14804787284
9074.14804787284
9074.14804787284
9074.14804787284
9074.14804787284
9074.14804787284
